W/N    s1 (IGS-EU0) s2 (EU0_MA1) s3 (IGS-MA1)  ro12       ro13        ro23
935    0,002597    0,000966    0,002145    -0,612691    -0,934592    0,291482
936    0,000887    0,002081    0,002050    -0,248404    -0,180742    -0,907806
937    0,001988    0,000821    0,002567    0,601652    -0,966835    -0,785703
938    0,001805    0,001205    0,000861    -0,912471    -0,819487    0,513281
939    0,000846    0,001616    0,002128    0,438611    -0,730935    -0,933895
940    0,000772    0,000504    0,000718    -0,429223    -0,773722    -0,240099
941    0,002090    0,002452    0,000898    -0,934091    0,223146    -0,556471
942    0,001568    0,001307    0,000789    -0,864887    -0,554934    0,062373
943    0,002563    0,000811    0,002056    -0,722073    -0,962042    0,505868
944    0,003311    0,001092    0,002679    -0,688463    -0,955345    0,443409
945    0,000798    0,001151    0,001778    0,655305    -0,872449    -0,940871
946    0,000940    0,000807    0,001335    0,162814    -0,802656    -0,719167
947    0,002239    0,000651    0,002188    -0,222035    -0,956986    -0,070408
948    0,001270    0,000805    0,001512    0,012738    -0,846717    -0,542785
949    0,000854    0,001333    0,001847    0,396278    -0,748685    -0,905339
950    0,000941    0,001982    0,002526    0,419650    -0,701815    -0,941115
951    0,003067    0,002957    0,001521    -0,873080    -0,318995    -0,183597
952    0,004903    0,002697    0,002677    -0,913112    -0,911750    0,665065
953    0,004484    0,002288    0,002577    -0,911364    -0,930826    0,697897
954    0,001744    0,001313    0,001479    -0,563087    -0,679608    -0,223547
955    0,002589    0,002170    0,001577    -0,794137    -0,548532    -0,072539
956    0,003544    0,000892    0,002999    -0,689865    -0,976565    0,517890
957    0,002291    0,001394    0,001263    -0,876208    -0,846817    0,485655
958    0,003209    0,001139    0,002422    -0,783665    -0,956417    0,568122
959    0,003237    0,001524    0,002040    -0,875530    -0,932602    0,642144
960    0,002000    0,000955    0,001663    -0,561271    -0,879819    0,100437
961    0,003569    0,001375    0,002604    -0,798994    -0,948242    0,566686
962    0,002489    0,000801    0,001951    -0,760029    -0,963751    0,559087
963    0,002979    0,001796    0,001812    -0,823956    -0,827289    0,363316
964    0,003911    0,001121    0,002961    -0,888413    -0,984776    0,795093
965    0,004395    0,001141    0,003438    -0,877249    -0,987220    0,789539
966    0,002968    0,000737    0,002325    -0,902819    -0,990655    0,835731
967    0,002026    0,001188    0,001237    -0,828384    -0,842812    0,396689
968    0,003055    0,001482    0,001864    -0,889558    -0,931659    0,662786
970    0,002875    0,002163    0,001297    -0,905441    -0,706608    0,339433
971    0,003428    0,001968    0,002308    -0,763240    -0,834469    0,280856
972    0,003283    0,001142    0,002836    -0,539048    -0,940719    0,221403
973    0,001999    0,000971    0,001735    -0,496289    -0,874108    0,012120
974    0,003219    0,001231    0,002358    -0,797186    -0,949069    0,566367
975    0,003137    0,001021    0,002596    -0,646277    -0,953882    0,387402
976    0,001585    0,000766    0,002021    0,405533    -0,938033    -0,697174
977    0,002680    0,000424    0,002822    0,263078    -0,989430    -0,400202
978    0,002830    0,000673    0,002756    -0,227715    -0,971323    -0,010333
979    0,003573    0,000634    0,003529    -0,158033    -0,984164    -0,019505
980    0,004069    0,000748    0,003416    -0,895187    -0,995222    0,847396
981    0,004675    0,001272    0,003500    -0,943996    -0,992788    0,897630
982    0,002615    0,001168    0,001828    -0,795298    -0,921922    0,498368
983    0,001266    0,001396    0,001487    -0,379503    -0,495493    -0,615591
984    0,002118    0,001185    0,002817    0,407329    -0,923217    -0,727008
985    0,002379    0,000725    0,002814    0,501381    -0,974820    -0,681697
986    0,002204    0,000776    0,002596    0,373116    -0,960786    -0,615750
987    0,001853    0,000801    0,001609    -0,501089    -0,902408    0,079302
988    0,002278    0,000531    0,002299    -0,078582    -0,973080    -0,153287
989    0,001033    0,000643    0,001076    -0,242583    -0,814844    -0,364699
990    0,001051    0,001028    0,000477    -0,895021    -0,275019    -0,182676
991    0,051854    0,051884    0,103697    0,998430    -0,999607    -0,999608
992    0,086652    0,086718    0,173360    0,999782    -0,999945    -0,999945
993    0,120476    0,121788    0,242243    0,999662    -0,999915    -0,999916
994    0,154729    0,155471    0,310196    0,999946    -0,999987    -0,999987
995    0,187425    0,188662    0,376075    0,999875    -0,999968    -0,999969
996    0,220278    0,220772    0,441046    0,999975    -0,999994    -0,999994
997    0,237310    0,237740    0,475049    0,999989    -0,999997    -0,999997
998    0,266558    0,266790    0,533346    0,999985    -0,999996    -0,999996
999    0,279854    0,279788    0,559640    0,999984    -0,999996    -0,999996
1000    0,292205    0,292286    0,584486    0,999967    -0,999992    -0,999992
1001    0,316813    0,316628    0,633439    0,999989    -0,999997    -0,999997
1002    0,357655    0,357475    0,715117    0,999929    -0,999982    -0,999982
1003    0,364225    0,364639    0,728861    0,999983    -0,999996    -0,999996
1004    0,385368    0,386148    0,771515    0,999994    -0,999998    -0,999998
1005    0,406438    0,406418    0,812849    0,999963    -0,999991    -0,999991
1006    0,447068    0,447348    0,894415    0,999994    -0,999998    -0,999998
1007    0,469132    0,469790    0,938919    0,999993    -0,999998    -0,999998
1008    0,490993    0,490607    0,981596    0,999982    -0,999995    -0,999995
1009    0,511573    0,511626    1,023194    0,999981    -0,999995    -0,999995
1010    0,532024    0,531474    1,063494    0,999983    -0,999996    -0,999996
1011    0,551375    0,551334    1,102707    0,999989    -0,999997    -0,999997
1012    0,570606    0,570287    1,140887    0,999978    -0,999995    -0,999995
1013    0,588951    0,588690    1,177637    0,999986    -0,999997    -0,999996
1014    0,692103    0,691559    1,383657    0,999987    -0,999997    -0,999997
1015    10,955269    10,955426    21,910695    1,000000    -1,000000    -1,000000
1016    0,712072    0,712441    1,424509    0,999990    -0,999998    -0,999998
1017    0,687507    0,687708    1,375211    0,999989    -0,999997    -0,999997
1018    0,695237    0,694652    1,389884    0,999984    -0,999996    -0,999996
1019    0,701726    0,702291    1,404015    0,999993    -0,999998    -0,999998
1020    0,708349    0,708884    1,417231    0,999993    -0,999998    -0,999998
1021    0,715871    0,715980    1,431847    0,999989    -0,999997    -0,999997
1022    0,756709    0,757589    1,514296    0,999995    -0,999999    -0,999999
1023    0,727427    0,727447    1,454871    0,999989    -0,999997    -0,999997
1024    0,732634    0,733418    1,466052    0,999999    -1,000000    -1,000000
1025    0,737882    0,738061    1,475942    0,999998    -1,000000    -1,000000
1026    0,742840    0,743016    1,485855    0,999997    -0,999999    -0,999999
1027    0,747566    0,747196    1,494759    0,999992    -0,999998    -0,999998
1028    10,465500    10,466192    20,931692    1,000000    -1,000000    -1,000000
1029    0,759992    0,758462    1,518442    0,999969    -0,999992    -0,999992
1030    0,763172    0,762834    1,526004    0,999995    -0,999999    -0,999999
1031    0,766498    0,766372    1,532867    0,999992    -0,999998    -0,999998
1032    0,769159    0,769186    1,538342    0,999995    -0,999999    -0,999999
1033    0,772379    0,771950    1,544325    0,999991    -0,999998    -0,999998
1034    0,774313    0,775126    1,549439    1,000000    -1,000000    -1,000000
1035    0,776533    0,776925    1,553458    0,999999    -1,000000    -1,000000
1036    0,779018    0,778683    1,557699    0,999995    -0,999999    -0,999999
1037    0,779840    0,780352    1,560191    0,999998    -1,000000    -1,000000
1038    0,781703    0,780492    1,562192    0,999994    -0,999998    -0,999998
1039    0,782387    0,781266    1,563650    0,999992    -0,999998    -0,999998
1040    0,783130    0,782101    1,565227    0,999992    -0,999998    -0,999998
1041    0,821319    0,821065    1,642382    0,999997    -0,999999    -0,999999
1042    0,749738    0,750431    1,500168    0,999998    -1,000000    -1,000000
1043    0,720011    0,720372    1,440381    0,999995    -0,999999    -0,999999
1044    0,719098    0,720011    1,439106    0,999991    -0,999998    -0,999998
1045    0,718892    0,719335    1,438227    0,999999    -1,000000    -1,000000
1046    0,717441    0,717662    1,435102    0,999998    -0,999999    -0,999999
1047    0,671299    0,671354    1,342652    0,999998    -0,999999    -0,999999
1048    0,669155    0,670568    1,339722    0,999995    -0,999999    -0,999999
1049    0,667157    0,668017    1,335173    0,999998    -0,999999    -0,999999
1050    0,663360    0,664439    1,327798    0,999996    -0,999999    -0,999999
1051    0,661084    0,661887    1,322970    0,999997    -0,999999    -0,999999
1052    0,658938    0,659437    1,318375    0,999999    -1,000000    -1,000000
1053    0,655859    0,656304    1,312162    0,999997    -0,999999    -0,999999
1054    0,652624    0,653540    1,306162    0,999998    -0,999999    -0,999999
1055    0,649073    0,649767    1,298840    0,999999    -1,000000    -1,000000
1056    0,001469    0,001391    0,000714    -0,876816    -0,349454    -0,144105
1057    0,641503    0,642391    1,283891    0,999990    -0,999998    -0,999998
1058    0,637305    0,637999    1,275302    0,999996    -0,999999    -0,999999
1059    0,632701    0,633090    1,265790    0,999996    -0,999999    -0,999999
1060    0,627533    0,627839    1,255371    0,999998    -0,999999    -0,999999
1061    0,622402    0,622847    1,245248    0,999995    -0,999999    -0,999999
1062    0,617070    0,617406    1,234468    0,999973    -0,999993    -0,999993
1063    0,611613    0,611781    1,223392    0,999994    -0,999998    -0,999998
1064    0,605770    0,605439    1,211208    0,999995    -0,999999    -0,999999
1065    0,599670    0,599089    1,198754    0,999982    -0,999996    -0,999996
1066    0,592615    0,593032    1,185646    0,999995    -0,999999    -0,999999
1067    0,585616    0,586588    1,172203    0,999995    -0,999999    -0,999999
1068    0,579044    0,579132    1,158169    0,999978    -0,999994    -0,999994
1069    0,571982    0,571595    1,143570    0,999977    -0,999994    -0,999994
1070    0,564262    0,564180    1,128436    0,999980    -0,999995    -0,999995
1071    0,556134    0,556303    1,112434    0,999989    -0,999997    -0,999997
1072    0,547823    0,548518    1,096338    0,999990    -0,999998    -0,999998
1073    0,539558    0,540308    1,079863    0,999991    -0,999998    -0,999998
1074    0,530895    0,531536    1,062428    0,999987    -0,999997    -0,999997
1075    0,522076    0,522299    1,044372    0,999990    -0,999997    -0,999997
1076    0,512869    0,513202    1,026066    0,999983    -0,999996    -0,999996
1077    0,501942    0,502386    1,004322    0,999975    -0,999994    -0,999994
1078    0,490551    0,491217    0,981764    0,999987    -0,999997    -0,999997
1079    0,470165    0,471413    0,941576    0,999994    -0,999998    -0,999998
1080    0,454421    0,454340    0,908757    0,999982    -0,999996    -0,999996
1081    0,433282    0,433170    0,866442    0,999958    -0,999989    -0,999989
1082    9,631556    9,631584    19,263139    1,000000    -1,000000    -1,000000
1083    0,390225    0,390779    0,781000    0,999980    -0,999995    -0,999995
1084    0,367482    0,367868    0,735349    0,999992    -0,999998    -0,999998
1085    0,344276    0,344359    0,688633    0,999986    -0,999996    -0,999996
1086    0,320156    0,320267    0,640421    0,999985    -0,999996    -0,999996
1087    0,295249    0,295804    0,591053    0,999997    -0,999999    -0,999999
1088    0,270344    0,270315    0,540658    0,999991    -0,999998    -0,999998
1089    0,244744    0,244384    0,489127    0,999989    -0,999997    -0,999997
1090    0,218354    0,218599    0,436949    0,999970    -0,999992    -0,999993
1091    0,191393    0,191890    0,383281    0,999985    -0,999996    -0,999996
1092    0,164507    0,164728    0,329234    0,999985    -0,999996    -0,999996
1093    0,136459    0,136956    0,273414    0,999977    -0,999994    -0,999994
1094    0,108264    0,108759    0,217022    0,999966    -0,999992    -0,999992
1095    0,079226    0,080001    0,159218    0,999782    -0,999945    -0,999946
1096    0,049441    0,051104    0,100489    0,997754    -0,999420    -0,999457
1097    0,019637    0,020492    0,039943    0,981548    -0,995177    -0,995572
1098    0,011042    0,010434    0,021448    0,994865    -0,998787    -0,998642
1099    0,041689    0,041216    0,082902    0,999858    -0,999965    -0,999964
1100    0,073482    0,073093    0,146572    0,999946    -0,999987    -0,999986
1101    0,105783    0,104418    0,210187    0,999730    -0,999933    -0,999932
1102    0,138048    0,137577    0,275623    0,999981    -0,999995    -0,999995
1103    0,171284    0,170618    0,341900    0,999978    -0,999995    -0,999994
1104    0,205472    0,204722    0,410192    0,999986    -0,999996    -0,999996
1105    0,239761    0,238874    0,478633    0,999984    -0,999996    -0,999996
1106    0,274300    0,273773    0,548073    0,999998    -1,000000    -1,000000
1107    0,309930    0,309070    0,619000    0,999997    -0,999999    -0,999999
1108    0,346124    0,345404    0,691527    0,999991    -0,999998    -0,999998
1109    0,382448    0,382004    0,764451    0,999997    -0,999999    -0,999999
1110    0,419604    0,419354    0,838957    0,999998    -1,000000    -1,000000
1111    0,457341    0,456788    0,914128    0,999994    -0,999999    -0,999999
1112    0,495367    0,495313    0,990677    0,999991    -0,999998    -0,999998
1113    0,534186    0,533743    1,067928    0,999996    -0,999999    -0,999999
1114    0,573893    0,573395    1,147287    0,999997    -0,999999    -0,999999
1115    0,613637    0,612889    1,226526    0,999997    -0,999999    -0,999999
1116    0,653836    0,653642    1,307475    0,999991    -0,999998    -0,999998
1117    0,723268    0,722689    1,445955    0,999994    -0,999999    -0,999999
1118    0,766347    0,766029    1,532374    0,999995    -0,999999    -0,999999
1119    0,001500    0,001494    0,000776    -0,865592    -0,266232    -0,252229
1120    0,001073    0,001195    0,001730    0,159874    -0,731093    -0,790384
1121    0,000838    0,001483    0,001299    -0,488268    -0,087593    -0,826570
1122    0,874942    0,874087    1,749029    0,999999    -1,000000    -1,000000
1123    0,917526    0,916884    1,834410    0,999999    -1,000000    -1,000000
1124    0,960307    0,960199    1,920504    0,999997    -0,999999    -0,999999
1125    1,004440    1,003210    2,007649    0,999998    -1,000000    -1,000000
1126    1,048467    1,047852    2,096317    0,999997    -0,999999    -0,999999
1127    1,092852    1,092983    2,185832    0,999994    -0,999999    -0,999999
1128    1,181062    1,180587    2,361646    0,999994    -0,999999    -0,999999
1129    1,183891    1,183673    2,367562    0,999995    -0,999999    -0,999999
1130    1,188735    1,187879    2,376612    0,999998    -0,999999    -0,999999
1131    1,234321    1,233210    2,467530    0,999999    -1,000000    -1,000000
1132    1,280563    1,278551    2,559113    0,999999    -1,000000    -1,000000
1133    1,326437    1,324811    2,651247    0,999999    -1,000000    -1,000000
1134    1,372888    1,372422    2,745309    0,999999    -1,000000    -1,000000
1135    1,420662    1,419784    2,840446    1,000000    -1,000000    -1,000000
1136    1,468240    1,467930    2,936169    1,000000    -1,000000    -1,000000
1137    1,516540    1,516075    3,032615    1,000000    -1,000000    -1,000000
1138    1,565348    1,564961    3,130309    1,000000    -1,000000    -1,000000
1139    1,614578    1,614914    3,229492    1,000000    -1,000000    -1,000000
1140    1,723230    1,722802    3,446031    1,000000    -1,000000    -1,000000
1141    1,715431    1,714992    3,430422    1,000000    -1,000000    -1,000000
1142    1,828674    1,827550    3,656224    0,999999    -1,000000    -1,000000
1143    1,882003    1,880744    3,762745    0,999998    -1,000000    -1,000000
1144    1,935912    1,934223    3,870132    0,999996    -0,999999    -0,999999
1145    1,990038    1,988459    3,978496    0,999998    -1,000000    -1,000000
1146    2,044513    2,043070    4,087583    1,000000    -1,000000    -1,000000
1147    2,100009    2,098348    4,198355    0,999998    -1,000000    -1,000000
1148    2,156099    2,154892    4,310988    0,999998    -0,999999    -0,999999
1149    2,212462    2,211337    4,423798    0,999999    -1,000000    -1,000000
1150    2,192238    2,191102    4,383339    1,000000    -1,000000    -1,000000
1151    2,247424    2,246391    4,493814    1,000000    -1,000000    -1,000000
1152    2,303582    2,302497    4,606079    1,000000    -1,000000    -1,000000
1153    2,359663    2,358965    4,718628    1,000000    -1,000000    -1,000000
1154    2,416992    2,415881    4,832872    1,000000    -1,000000    -1,000000
1155    2,474019    2,473477    4,947495    1,000000    -1,000000    -1,000000
1156    2,620924    2,620550    5,241474    1,000000    -1,000000    -1,000000
1157    2,682065    2,680755    5,362820    1,000000    -1,000000    -1,000000
1158    2,649930    2,649052    5,298981    1,000000    -1,000000    -1,000000
1159    2,709755    2,708283    5,418037    1,000000    -1,000000    -1,000000
1160    2,769571    2,768848    5,538418    1,000000    -1,000000    -1,000000
1161    2,830299    2,829473    5,659772    1,000000    -1,000000    -1,000000
1162    2,891363    2,890562    5,781925    1,000000    -1,000000    -1,000000
1163    2,952892    2,952246    5,905138    1,000000    -1,000000    -1,000000
1164    3,014937    3,014679    6,029615    1,000000    -1,000000    -1,000000
1165    3,077369    3,077318    6,154687    1,000000    -1,000000    -1,000000
1166    3,140473    3,140525    6,280998    1,000000    -1,000000    -1,000000
1167    3,204128    3,203973    6,408101    1,000000    -1,000000    -1,000000
1168    3,268256    3,267636    6,535892    1,000000    -1,000000    -1,000000
1169    3,332797    3,332694    6,665491    1,000000    -1,000000    -1,000000
1170    3,289984    3,289858    6,579842    1,000000    -1,000000    -1,000000
1171    3,353708    3,353683    6,707392    1,000000    -1,000000    -1,000000
1172    3,418367    3,417517    6,835883    1,000000    -1,000000    -1,000000
1173    3,597055    3,596461    7,193516    1,000000    -1,000000    -1,000000
1174    3,664178    3,663532    7,327710    1,000000    -1,000000    -1,000000
1175    3,612867    3,612867    7,225733    1,000000    -1,000000    -1,000000
1176    3,678842    3,678892    7,357734    1,000000    -1,000000    -1,000000
1177    3,811901    3,812075    7,623975    1,000000    -1,000000    -1,000000
1178    3,878727    3,878925    7,757650    0,999999    -1,000000    -1,000000
1179    4,075817    4,075842    8,151658    1,000000    -1,000000    -1,000000
1180    4,014642    4,014417    8,029059    1,000000    -1,000000    -1,000000
1181    4,083126    4,083525    8,166650    1,000000    -1,000000    -1,000000
1182    4,152500    4,151775    8,304275    1,000000    -1,000000    -1,000000
1183    4,221942    4,221442    8,443384    1,000000    -1,000000    -1,000000
1184    4,292309    4,291833    8,584142    1,000000    -1,000000    -1,000000
1185    4,362575    4,361950    8,724525    1,000000    -1,000000    -1,000000
1186    4,433808    4,433258    8,867067    1,000000    -1,000000    -1,000000
1187    4,505333    4,505058    9,010392    1,000000    -1,000000    -1,000000
1188    4,577233    4,576933    9,154167    1,000000    -1,000000    -1,000000
1189    4,649525    4,649775    9,299300    1,000000    -1,000000    -1,000000
1190    4,722858    4,722783    9,445642    1,000000    -1,000000    -1,000000
1191    4,796442    4,796142    9,592583    1,000000    -1,000000    -1,000000
1192    4,870525    4,870300    9,740825    1,000000    -1,000000    -1,000000
1193    4,945142    4,944792    9,889933    1,000000    -1,000000    -1,000000
1194    5,020234    5,019533    10,039767    1,000000    -1,000000    -1,000000
1195    5,095968    5,094867    10,190834    1,000000    -1,000000    -1,000000
1196    5,172286    5,170733    10,343017    0,999999    -1,000000    -1,000000
1197    5,248927    5,246900    10,495826    0,999999    -1,000000    -1,000000
1198    5,325217    5,324642    10,649859    1,000000    -1,000000    -1,000000
1199    5,402267    5,401567    10,803833    1,000000    -1,000000    -1,000000
1200    5,480351    5,479100    10,959450    1,000000    -1,000000    -1,000000
1201    5,715975    5,715225    11,431200    1,000000    -1,000000    -1,000000
1202    5,794692    5,794517    11,589208    1,000000    -1,000000    -1,000000
1203    5,873942    5,873517    11,747458    1,000000    -1,000000    -1,000000
1204    5,954075    5,953300    11,907375    1,000000    -1,000000    -1,000000
1205    6,034684    6,033808    12,068492    1,000000    -1,000000    -1,000000
1206    6,115626    6,114775    12,230400    1,000000    -1,000000    -1,000000
1207    6,197285    6,196258    12,393542    1,000000    -1,000000    -1,000000
1208    6,279151    6,277925    12,557075    1,000000    -1,000000    -1,000000
1209    6,361559    6,360458    12,722017    1,000000    -1,000000    -1,000000
1210    6,444476    6,443050    12,887525    1,000000    -1,000000    -1,000000
1211    6,527676    6,527025    13,054700    1,000000    -1,000000    -1,000000
1212    6,611208    6,610858    13,222067    1,000000    -1,000000    -1,000000
1213    6,695642    6,694917    13,390558    1,000000    -1,000000    -1,000000
1214    6,780684    6,779983    13,560667    1,000000    -1,000000    -1,000000
1215    6,865542    6,865042    13,730583    1,000000    -1,000000    -1,000000
1216    6,951425    6,951075    13,902500    1,000000    -1,000000    -1,000000
1217    7,037675    7,037400    14,075075    1,000000    -1,000000    -1,000000
1218    7,124500    7,124050    14,248550    1,000000    -1,000000    -1,000000
1219    7,211683    7,211233    14,422917    1,000000    -1,000000    -1,000000
1220    7,299375    7,299150    14,598525    1,000000    -1,000000    -1,000000
1221    7,388083    7,387533    14,775617    1,000000    -1,000000    -1,000000
1222    7,476658    7,476358    14,953017    1,000000    -1,000000    -1,000000
1223    7,565650    7,565625    15,131275    1,000000    -1,000000    -1,000000
1224    7,655542    7,655367    15,310908    1,000000    -1,000000    -1,000000
1225    7,745559    7,745608    15,491167    1,000000    -1,000000    -1,000000
1226    7,836325    7,836225    15,672550    1,000000    -1,000000    -1,000000
1227    7,927409    7,927708    15,855117    1,000000    -1,000000    -1,000000
1228    8,019125    8,019325    16,038450    1,000000    -1,000000    -1,000000
1229    8,111459    8,111283    16,222742    1,000000    -1,000000    -1,000000
1230    8,204142    8,204467    16,408608    1,000000    -1,000000    -1,000000
1231    8,297575    8,297500    16,595075    1,000000    -1,000000    -1,000000
1232    8,391209    8,391533    16,782742    1,000000    -1,000000    -1,000000
1233    8,485792    8,485442    16,971233    1,000000    -1,000000    -1,000000
1234    8,580558    8,579933    17,160492    1,000000    -1,000000    -1,000000
1235    8,675925    8,675700    17,351625    1,000000    -1,000000    -1,000000
